QB,RB,RB,WR,WR,WR,TE,FLEX,DST
Andy Dalton (7608809),Spencer Ware (7608863),Zach Zenner (7608894),Julio Jones (7609060),A.J. Green (7608994),T.Y. Hilton (7608972),Vernon Davis (7609122),Mike Davis (7608928),Cardinals  (7609534)
Blake Bortles (7608822),Spencer Ware (7608863),Jacquizz Rodgers (7608925),Julio Jones (7609060),A.J. Green (7608994),Allen Robinson (7609020),Jack Doyle (7609100),Zach Zenner (7608894),Chiefs  (7609512)
Matt Ryan (7608843),DeMarco Murray (7608868),Spencer Ware (7608863),Julio Jones (7609060),T.Y. Hilton (7608972),Marquise Goodwin (7609025),Vernon Davis (7609122),Jacquizz Rodgers (7608925),Chiefs  (7609512)
Blake Bortles (7608822),DeMarco Murray (7608868),Zach Zenner (7608894),Julio Jones (7609060),T.Y. Hilton (7608972),Allen Robinson (7609020),Antonio Gates (7609162),Mike Davis (7608928),Patriots  (7609532)
Matt Ryan (7608843),Jacquizz Rodgers (7608925),Isaiah Crowell (7608886),Julio Jones (7609060),A.J. Green (7608994),T.Y. Hilton (7608972),Antonio Gates (7609162),Zach Zenner (7608894),Jets  (7609526)
Blake Bortles (7608822),Mark Ingram (7608861),Jacquizz Rodgers (7608925),Julio Jones (7609060),T.Y. Hilton (7608972),Allen Robinson (7609020),Vernon Davis (7609122),Isaiah Crowell (7608886),Cardinals  (7609534)
Andy Dalton (7608809),DeMarco Murray (7608868),Spencer Ware (7608863),Julio Jones (7609060),A.J. Green (7608994),Chester Rogers (7608978),Antonio Gates (7609162),Jacquizz Rodgers (7608925),Patriots  (7609532)
Matt Ryan (7608843),DeMarco Murray (7608868),Jacquizz Rodgers (7608925),Julio Jones (7609060),A.J. Green (7608994),Golden Tate (7609007),Jack Doyle (7609100),Mike Davis (7608928),Cardinals  (7609534)
Blake Bortles (7608822),Le'Veon Bell (7608943),Jacquizz Rodgers (7608925),Julio Jones (7609060),A.J. Green (7608994),Allen Hurns (7609016),Vernon Davis (7609122),Mike Davis (7608928),Jets  (7609526)
Blake Bortles (7608822),DeMarco Murray (7608868),Zach Zenner (7608894),Julio Jones (7609060),A.J. Green (7608994),Allen Hurns (7609016),Dennis Pitta (7609143),Marquise Goodwin (7609025),Cardinals  (7609534)
Matt Ryan (7608843),Mark Ingram (7608861),Zach Zenner (7608894),Julio Jones (7609060),A.J. Green (7608994),Allen Robinson (7609020),Vernon Davis (7609122),Marquise Goodwin (7609025),Patriots  (7609532)
Blake Bortles (7608822),Spencer Ware (7608863),Jacquizz Rodgers (7608925),Julio Jones (7609060),T.Y. Hilton (7608972),Allen Hurns (7609016),Dennis Pitta (7609143),Golden Tate (7609007),Patriots  (7609532)
Andy Dalton (7608809),Devonta Freeman (7608932),Isaiah Crowell (7608886),Julio Jones (7609060),A.J. Green (7608994),T.Y. Hilton (7608972),Jack Doyle (7609100),Marquise Goodwin (7609025),Patriots  (7609532)
Matt Ryan (7608843),Le'Veon Bell (7608943),Zach Zenner (7608894),Julio Jones (7609060),T.Y. Hilton (7608972),Willie Snead (7608959),Jack Doyle (7609100),Marquise Goodwin (7609025),Cardinals  (7609534)
Matt Ryan (7608843),Spencer Ware (7608863),Isaiah Crowell (7608886),Julio Jones (7609060),A.J. Green (7608994),Jordan Matthews (7608982),Dennis Pitta (7609143),Mike Davis (7608928),Chiefs  (7609512)
Andy Dalton (7608809),DeMarco Murray (7608868),Mike Davis (7608928),Julio Jones (7609060),A.J. Green (7608994),Allen Robinson (7609020),Cameron Brate (7609159),Marquise Goodwin (7609025),Chiefs  (7609512)
Blake Bortles (7608822),DeMarco Murray (7608868),Spencer Ware (7608863),A.J. Green (7608994),T.Y. Hilton (7608972),Allen Hurns (7609016),Antonio Gates (7609162),Isaiah Crowell (7608886),Chiefs  (7609512)
Blake Bortles (7608822),Le'Veon Bell (7608943),Spencer Ware (7608863),Julio Jones (7609060),Allen Robinson (7609020),Chester Rogers (7608978),Dennis Pitta (7609143),Mike Davis (7608928),Cardinals  (7609534)
Joe Flacco (7608831),Jacquizz Rodgers (7608925),Mike Davis (7608928),Julio Jones (7609060),A.J. Green (7608994),T.Y. Hilton (7608972),Travis Kelce (7609090),Breshad Perriman (7609044),Chiefs  (7609512)
Matt Ryan (7608843),Devonta Freeman (7608932),Spencer Ware (7608863),Julio Jones (7609060),T.Y. Hilton (7608972),Chester Rogers (7608978),Travis Kelce (7609090),Mike Davis (7608928),Patriots  (7609532)
Blake Bortles (7608822),Devonta Freeman (7608932),Spencer Ware (7608863),A.J. Green (7608994),T.Y. Hilton (7608972),Allen Robinson (7609020),Vernon Davis (7609122),Marquise Goodwin (7609025),Jets  (7609526)
Blake Bortles (7608822),Le'Veon Bell (7608943),DeMarco Murray (7608868),Julio Jones (7609060),Allen Robinson (7609020),Marquise Goodwin (7609025),Jack Doyle (7609100),Isaiah Crowell (7608886),Jets  (7609526)
Andy Dalton (7608809),Le'Veon Bell (7608943),Mark Ingram (7608861),A.J. Green (7608994),T.Y. Hilton (7608972),Marquise Goodwin (7609025),Dennis Pitta (7609143),Jacquizz Rodgers (7608925),Cardinals  (7609534)
Andy Dalton (7608809),Le'Veon Bell (7608943),Zach Zenner (7608894),Julio Jones (7609060),A.J. Green (7608994),Golden Tate (7609007),Dennis Pitta (7609143),Chester Rogers (7608978),Chiefs  (7609512)
Matt Ryan (7608843),DeMarco Murray (7608868),Spencer Ware (7608863),Julio Jones (7609060),A.J. Green (7608994),Adam Humphries (7609055),Cameron Brate (7609159),Zach Zenner (7608894),Titans  (7609514)
Andy Dalton (7608809),Le'Veon Bell (7608943),DeMarco Murray (7608868),A.J. Green (7608994),T.Y. Hilton (7608972),Chester Rogers (7608978),Vernon Davis (7609122),Isaiah Crowell (7608886),Jets  (7609526)
Matt Ryan (7608843),DeMarco Murray (7608868),Mark Ingram (7608861),Julio Jones (7609060),T.Y. Hilton (7608972),Chester Rogers (7608978),Dennis Pitta (7609143),Zach Zenner (7608894),Raiders  (7609522)
Matt Ryan (7608843),Devonta Freeman (7608932),Spencer Ware (7608863),Julio Jones (7609060),A.J. Green (7608994),Tyrell Williams (7609065),Antonio Gates (7609162),Marquise Goodwin (7609025),Cardinals  (7609534)
Joe Flacco (7608831),DeMarco Murray (7608868),Spencer Ware (7608863),Julio Jones (7609060),T.Y. Hilton (7608972),Kamar Aiken (7609038),Kyle Rudolph (7609107),Isaiah Crowell (7608886),Cardinals  (7609534)
Andy Dalton (7608809),DeMarco Murray (7608868),Zach Zenner (7608894),Julio Jones (7609060),A.J. Green (7608994),Willie Snead (7608959),Jack Doyle (7609100),Tyrell Williams (7609065),Jets  (7609526)
Andy Dalton (7608809),DeMarco Murray (7608868),Jacquizz Rodgers (7608925),A.J. Green (7608994),T.Y. Hilton (7608972),Golden Tate (7609007),Travis Kelce (7609090),Zach Zenner (7608894),Raiders  (7609522)
Andy Dalton (7608809),Le'Veon Bell (7608943),Isaiah Crowell (7608886),Julio Jones (7609060),A.J. Green (7608994),Willie Snead (7608959),Antonio Gates (7609162),Mike Davis (7608928),Raiders  (7609522)
Drew Brees (7608794),DeMarco Murray (7608868),Jacquizz Rodgers (7608925),A.J. Green (7608994),T.Y. Hilton (7608972),Willie Snead (7608959),Vernon Davis (7609122),Mike Davis (7608928),Patriots  (7609532)
Alex Smith (7608795),Spencer Ware (7608863),Jacquizz Rodgers (7608925),Julio Jones (7609060),A.J. Green (7608994),Jeremy Maclin (7608956),Vernon Davis (7609122),Isaiah Crowell (7608886),Raiders  (7609522)
Andy Dalton (7608809),Devonta Freeman (7608932),Mark Ingram (7608861),Julio Jones (7609060),A.J. Green (7608994),Golden Tate (7609007),Vernon Davis (7609122),Jacquizz Rodgers (7608925),Titans  (7609514)
Kirk Cousins (7608817),Le'Veon Bell (7608943),Spencer Ware (7608863),Julio Jones (7609060),T.Y. Hilton (7608972),Jamison Crowder (7609012),Antonio Gates (7609162),Zach Zenner (7608894),Chiefs  (7609512)
Joe Flacco (7608831),DeMarco Murray (7608868),Mark Ingram (7608861),Julio Jones (7609060),A.J. Green (7608994),Kamar Aiken (7609038),Dennis Pitta (7609143),Mike Davis (7608928),Patriots  (7609532)
Blake Bortles (7608822),Devonta Freeman (7608932),Isaiah Crowell (7608886),Julio Jones (7609060),A.J. Green (7608994),Allen Robinson (7609020),Kyle Rudolph (7609107),Mike Davis (7608928),Jaguars  (7609523)
Blake Bortles (7608822),DeMarco Murray (7608868),Devonta Freeman (7608932),Julio Jones (7609060),Allen Robinson (7609020),Jordan Matthews (7608982),Vernon Davis (7609122),Chester Rogers (7608978),Chiefs  (7609512)
Alex Smith (7608795),Spencer Ware (7608863),Mark Ingram (7608861),Julio Jones (7609060),T.Y. Hilton (7608972),Jeremy Maclin (7608956),Jack Doyle (7609100),Zach Zenner (7608894),Patriots  (7609532)
Matt Ryan (7608843),Le'Veon Bell (7608943),Spencer Ware (7608863),Julio Jones (7609060),Allen Hurns (7609016),Golden Tate (7609007),Vernon Davis (7609122),Isaiah Crowell (7608886),Cardinals  (7609534)
Matt Ryan (7608843),Mark Ingram (7608861),Mike Davis (7608928),Julio Jones (7609060),T.Y. Hilton (7608972),Allen Robinson (7609020),Jack Doyle (7609100),Allen Hurns (7609016),Jets  (7609526)
Matt Ryan (7608843),Devonta Freeman (7608932),Jacquizz Rodgers (7608925),Julio Jones (7609060),Allen Robinson (7609020),Jordan Matthews (7608982),Dennis Pitta (7609143),Zach Zenner (7608894),Cardinals  (7609534)
Blake Bortles (7608822),DeMarco Murray (7608868),Jacquizz Rodgers (7608925),A.J. Green (7608994),T.Y. Hilton (7608972),Allen Robinson (7609020),Cameron Brate (7609159),Chester Rogers (7608978),Ravens  (7609527)
Blake Bortles (7608822),Le'Veon Bell (7608943),Zach Zenner (7608894),A.J. Green (7608994),Allen Robinson (7609020),Jordan Matthews (7608982),Vernon Davis (7609122),Golden Tate (7609007),Cardinals  (7609534)
Blake Bortles (7608822),DeMarco Murray (7608868),Spencer Ware (7608863),T.Y. Hilton (7608972),Allen Robinson (7609020),Willie Snead (7608959),Jack Doyle (7609100),Tyrell Williams (7609065),Cardinals  (7609534)
Andy Dalton (7608809),Devonta Freeman (7608932),Spencer Ware (7608863),A.J. Green (7608994),T.Y. Hilton (7608972),Jordan Matthews (7608982),Kyle Rudolph (7609107),Jacquizz Rodgers (7608925),Chiefs  (7609512)
Joe Flacco (7608831),Le'Veon Bell (7608943),DeMarco Murray (7608868),A.J. Green (7608994),T.Y. Hilton (7608972),Kamar Aiken (7609038),Jack Doyle (7609100),Zach Zenner (7608894),Chiefs  (7609512)
Blake Bortles (7608822),Le'Veon Bell (7608943),Devonta Freeman (7608932),A.J. Green (7608994),T.Y. Hilton (7608972),Allen Hurns (7609016),Jack Doyle (7609100),Chester Rogers (7608978),Cardinals  (7609534)
Andy Dalton (7608809),Le'Veon Bell (7608943),Spencer Ware (7608863),A.J. Green (7608994),Allen Robinson (7609020),Marquise Goodwin (7609025),Travis Kelce (7609090),Zach Zenner (7608894),Titans  (7609514)
Blake Bortles (7608822),Le'Veon Bell (7608943),Devonta Freeman (7608932),T.Y. Hilton (7608972),Allen Robinson (7609020),Golden Tate (7609007),Antonio Gates (7609162),Jacquizz Rodgers (7608925),Chiefs  (7609512)
Blake Bortles (7608822),Spencer Ware (7608863),Mike Davis (7608928),A.J. Green (7608994),Allen Robinson (7609020),Willie Snead (7608959),Travis Kelce (7609090),Golden Tate (7609007),Patriots  (7609532)
Andy Dalton (7608809),Spencer Ware (7608863),Mark Ingram (7608861),A.J. Green (7608994),T.Y. Hilton (7608972),Allen Robinson (7609020),Cameron Brate (7609159),Isaiah Crowell (7608886),Jaguars  (7609523)
Andy Dalton (7608809),DeMarco Murray (7608868),Mark Ingram (7608861),A.J. Green (7608994),Allen Robinson (7609020),Stefon Diggs (7608988),Antonio Gates (7609162),Zach Zenner (7608894),Cardinals  (7609534)
Andrew Luck (7608802),Spencer Ware (7608863),Zach Zenner (7608894),A.J. Green (7608994),T.Y. Hilton (7608972),Allen Robinson (7609020),Dennis Pitta (7609143),Chester Rogers (7608978),Patriots  (7609532)
Blake Bortles (7608822),Le'Veon Bell (7608943),Spencer Ware (7608863),T.Y. Hilton (7608972),Willie Snead (7608959),Allen Hurns (7609016),Travis Kelce (7609090),Zach Zenner (7608894),Jets  (7609526)
Blake Bortles (7608822),DeMarco Murray (7608868),Jacquizz Rodgers (7608925),Mike Evans (7609054),T.Y. Hilton (7608972),Allen Hurns (7609016),Travis Kelce (7609090),Mike Davis (7608928),Cardinals  (7609534)
Andrew Luck (7608802),Le'Veon Bell (7608943),DeMarco Murray (7608868),T.Y. Hilton (7608972),Chester Rogers (7608978),Marquise Goodwin (7609025),Travis Kelce (7609090),Spencer Ware (7608863),Cardinals  (7609534)
Alex Smith (7608795),Le'Veon Bell (7608943),DeMarco Murray (7608868),T.Y. Hilton (7608972),Jeremy Maclin (7608956),Golden Tate (7609007),Antonio Gates (7609162),Zach Zenner (7608894),Cardinals  (7609534)
Philip Rivers (7608844),Le'Veon Bell (7608943),Jacquizz Rodgers (7608925),T.Y. Hilton (7608972),Allen Robinson (7609020),Tyrell Williams (7609065),Travis Kelce (7609090),Zach Zenner (7608894),Cardinals  (7609534)
Blake Bortles (7608822),Le'Veon Bell (7608943),Isaiah Crowell (7608886),T.Y. Hilton (7608972),Allen Robinson (7609020),Stefon Diggs (7608988),Dennis Pitta (7609143),Zach Zenner (7608894),Seahawks  (7609535)
Andrew Luck (7608802),Le'Veon Bell (7608943),Spencer Ware (7608863),T.Y. Hilton (7608972),Allen Robinson (7609020),Jordan Matthews (7608982),Vernon Davis (7609122),Mike Davis (7608928),Chiefs  (7609512)
Alex Smith (7608795),DeMarco Murray (7608868),Jacquizz Rodgers (7608925),T.Y. Hilton (7608972),Allen Robinson (7609020),Jeremy Maclin (7608956),Dennis Pitta (7609143),Isaiah Crowell (7608886),Chiefs  (7609512)
Blake Bortles (7608822),DeMarco Murray (7608868),Spencer Ware (7608863),Allen Robinson (7609020),Marvin Jones Jr. (7609008),Stefon Diggs (7608988),Vernon Davis (7609122),Jacquizz Rodgers (7608925),Patriots  (7609532)
Blake Bortles (7608822),DeMarco Murray (7608868),Spencer Ware (7608863),Mike Evans (7609054),Allen Robinson (7609020),Jordan Matthews (7608982),Dennis Pitta (7609143),Zach Zenner (7608894),Titans  (7609514)
Blake Bortles (7608822),Le'Veon Bell (7608943),DeMarco Murray (7608868),Allen Robinson (7609020),Stefon Diggs (7608988),Tyrell Williams (7609065),Travis Kelce (7609090),Mike Davis (7608928),Chiefs  (7609512)
Blake Bortles (7608822),DeMarco Murray (7608868),Mark Ingram (7608861),Allen Robinson (7609020),Willie Snead (7608959),Jordan Matthews (7608982),Travis Kelce (7609090),Jacquizz Rodgers (7608925),Jets  (7609526)
Blake Bortles (7608822),Le'Veon Bell (7608943),Spencer Ware (7608863),Allen Robinson (7609020),Stefon Diggs (7608988),Willie Snead (7608959),Antonio Gates (7609162),Mark Ingram (7608861),Titans  (7609514)
Blake Bortles (7608822),Le'Veon Bell (7608943),DeMarco Murray (7608868),Antonio Brown (7609071),Allen Hurns (7609016),Marquise Goodwin (7609025),Vernon Davis (7609122),Spencer Ware (7608863),Titans  (7609514)
Joe Flacco (7608831),Le'Veon Bell (7608943),DeMarco Murray (7608868),Mike Evans (7609054),Allen Robinson (7609020),Kamar Aiken (7609038),Vernon Davis (7609122),Jacquizz Rodgers (7608925),Cardinals  (7609534)
Alex Smith (7608795),DeMarco Murray (7608868),Spencer Ware (7608863),Allen Robinson (7609020),Jeremy Maclin (7608956),Jordan Matthews (7608982),Vernon Davis (7609122),Mark Ingram (7608861),Cardinals  (7609534)
Blake Bortles (7608822),Le'Veon Bell (7608943),Spencer Ware (7608863),Mike Evans (7609054),Allen Robinson (7609020),Tyrell Williams (7609065),Kyle Rudolph (7609107),Jacquizz Rodgers (7608925),Jets  (7609526)
Blake Bortles (7608822),DeMarco Murray (7608868),Jacquizz Rodgers (7608925),Antonio Brown (7609071),Allen Robinson (7609020),Jarvis Landry (7609030),Antonio Gates (7609162),Marquise Goodwin (7609025),Cardinals  (7609534)
Blake Bortles (7608822),Devonta Freeman (7608932),Spencer Ware (7608863),Allen Robinson (7609020),Jarvis Landry (7609030),Stefon Diggs (7608988),Travis Kelce (7609090),Zach Zenner (7608894),Cardinals  (7609534)
Blake Bortles (7608822),Le'Veon Bell (7608943),DeMarco Murray (7608868),Marvin Jones Jr. (7609008),Jordan Matthews (7608982),Allen Hurns (7609016),Dennis Pitta (7609143),Jacquizz Rodgers (7608925),Chiefs  (7609512)
Drew Brees (7608794),Le'Veon Bell (7608943),DeMarco Murray (7608868),Allen Robinson (7609020),Willie Snead (7608959),Chester Rogers (7608978),Vernon Davis (7609122),Spencer Ware (7608863),Redskins  (7609521)
Matt Ryan (7608843),Le'Veon Bell (7608943),DeMarco Murray (7608868),Allen Robinson (7609020),Golden Tate (7609007),Mohamed Sanu (7609063),Jack Doyle (7609100),Spencer Ware (7608863),Chiefs  (7609512)
Drew Brees (7608794),DeMarco Murray (7608868),Spencer Ware (7608863),Stefon Diggs (7608988),Willie Snead (7608959),Golden Tate (7609007),Travis Kelce (7609090),Jacquizz Rodgers (7608925),Cardinals  (7609534)
Blake Bortles (7608822),Le'Veon Bell (7608943),DeMarco Murray (7608868),Jarvis Landry (7609030),Allen Hurns (7609016),Golden Tate (7609007),Kyle Rudolph (7609107),Mark Ingram (7608861),Cardinals  (7609534)
Blake Bortles (7608822),DeMarco Murray (7608868),Spencer Ware (7608863),Mike Evans (7609054),Larry Fitzgerald (7609078),Allen Hurns (7609016),Jack Doyle (7609100),Mark Ingram (7608861),Patriots  (7609532)
Drew Brees (7608794),Le'Veon Bell (7608943),DeMarco Murray (7608868),Willie Snead (7608959),Jordan Matthews (7608982),Marquise Goodwin (7609025),Dennis Pitta (7609143),Devonta Freeman (7608932),Cardinals  (7609534)
Blake Bortles (7608822),DeMarco Murray (7608868),Devonta Freeman (7608932),Antonio Brown (7609071),Allen Hurns (7609016),Golden Tate (7609007),Travis Kelce (7609090),Zach Zenner (7608894),Chiefs  (7609512)
Tom Brady (7608846),Le'Veon Bell (7608943),Spencer Ware (7608863),Julian Edelman (7609070),Willie Snead (7608959),Jordan Matthews (7608982),Vernon Davis (7609122),Jacquizz Rodgers (7608925),Cardinals  (7609534)
Blake Bortles (7608822),Le'Veon Bell (7608943),Spencer Ware (7608863),Brandin Cooks (7608962),Larry Fitzgerald (7609078),Allen Hurns (7609016),Antonio Gates (7609162),Jacquizz Rodgers (7608925),Cardinals  (7609534)
Alex Smith (7608795),Le'Veon Bell (7608943),DeMarco Murray (7608868),Jeremy Maclin (7608956),Stefon Diggs (7608988),Willie Snead (7608959),Vernon Davis (7609122),Jacquizz Rodgers (7608925),Jets  (7609526)
Kirk Cousins (7608817),Le'Veon Bell (7608943),DeMarco Murray (7608868),Jarvis Landry (7609030),Stefon Diggs (7608988),Jamison Crowder (7609012),Vernon Davis (7609122),Spencer Ware (7608863),Cardinals  (7609534)
Joe Flacco (7608831),Le'Veon Bell (7608943),DeMarco Murray (7608868),Willie Snead (7608959),Jordan Matthews (7608982),Kamar Aiken (7609038),Travis Kelce (7609090),Spencer Ware (7608863),Titans  (7609514)
Matt Ryan (7608843),DeMarco Murray (7608868),Spencer Ware (7608863),Mike Evans (7609054),Willie Snead (7608959),Mohamed Sanu (7609063),Travis Kelce (7609090),Zach Zenner (7608894),Patriots  (7609532)
Blake Bortles (7608822),David Johnson (7608952),Devonta Freeman (7608932),Mike Evans (7609054),Willie Snead (7608959),Allen Hurns (7609016),Vernon Davis (7609122),Spencer Ware (7608863),Cardinals  (7609534)
Alex Smith (7608795),Le'Veon Bell (7608943),DeMarco Murray (7608868),Jarvis Landry (7609030),Jeremy Maclin (7608956),Marquise Goodwin (7609025),Dennis Pitta (7609143),Spencer Ware (7608863),Raiders  (7609522)
Blake Bortles (7608822),Spencer Ware (7608863),Mark Ingram (7608861),Antonio Brown (7609071),Jordan Matthews (7608982),Allen Hurns (7609016),Travis Kelce (7609090),Isaiah Crowell (7608886),Cardinals  (7609534)
Matt Ryan (7608843),Le'Veon Bell (7608943),DeMarco Murray (7608868),Marvin Jones Jr. (7609008),Willie Snead (7608959),Mohamed Sanu (7609063),Antonio Gates (7609162),Jacquizz Rodgers (7608925),Cardinals  (7609534)
Philip Rivers (7608844),Le'Veon Bell (7608943),DeMarco Murray (7608868),Marvin Jones Jr. (7609008),Jordan Matthews (7608982),Tyrell Williams (7609065),Vernon Davis (7609122),Spencer Ware (7608863),Jets  (7609526)
Drew Brees (7608794),DeMarco Murray (7608868),Spencer Ware (7608863),Jarvis Landry (7609030),Willie Snead (7608959),Jordan Matthews (7608982),Antonio Gates (7609162),Mark Ingram (7608861),Patriots  (7609532)
Tom Brady (7608846),Le'Veon Bell (7608943),DeMarco Murray (7608868),Julian Edelman (7609070),Stefon Diggs (7608988),Marquise Goodwin (7609025),Antonio Gates (7609162),Spencer Ware (7608863),Chiefs  (7609512)
Alex Smith (7608795),Le'Veon Bell (7608943),Spencer Ware (7608863),Jeremy Maclin (7608956),Jordan Matthews (7608982),Golden Tate (7609007),Travis Kelce (7609090),Jacquizz Rodgers (7608925),Chiefs  (7609512)
Matthew Stafford (7608816),DeMarco Murray (7608868),Spencer Ware (7608863),Antonio Brown (7609071),Marvin Jones Jr. (7609008),Golden Tate (7609007),Vernon Davis (7609122),Zach Zenner (7608894),Cardinals  (7609534)
Drew Brees (7608794),DeMarco Murray (7608868),Spencer Ware (7608863),Mike Evans (7609054),Brandin Cooks (7608962),Marquise Goodwin (7609025),Dennis Pitta (7609143),Jacquizz Rodgers (7608925),Patriots  (7609532)
Drew Brees (7608794),Le'Veon Bell (7608943),Mark Ingram (7608861),Mike Evans (7609054),Stefon Diggs (7608988),Willie Snead (7608959),Vernon Davis (7609122),Zach Zenner (7608894),Cardinals  (7609534)
Joe Flacco (7608831),Le'Veon Bell (7608943),DeMarco Murray (7608868),Antonio Brown (7609071),Tyrell Williams (7609065),Breshad Perriman (7609044),Antonio Gates (7609162),Spencer Ware (7608863),Cardinals  (7609534)
Joe Flacco (7608831),Le'Veon Bell (7608943),DeMarco Murray (7608868),Mike Evans (7609054),Mike Wallace (7609037),Chester Rogers (7608978),Dennis Pitta (7609143),Spencer Ware (7608863),Chiefs  (7609512)
Alex Smith (7608795),Le'Veon Bell (7608943),Spencer Ware (7608863),Mike Evans (7609054),Jeremy Maclin (7608956),Willie Snead (7608959),Jack Doyle (7609100),Isaiah Crowell (7608886),Cardinals  (7609534)
Drew Brees (7608794),Le'Veon Bell (7608943),DeMarco Murray (7608868),Mike Evans (7609054),Willie Snead (7608959),Golden Tate (7609007),Antonio Gates (7609162),Mike Davis (7608928),Jets  (7609526)
Kirk Cousins (7608817),Le'Veon Bell (7608943),DeMarco Murray (7608868),Antonio Brown (7609071),Jamison Crowder (7609012),Marquise Goodwin (7609025),Travis Kelce (7609090),Jacquizz Rodgers (7608925),Chiefs  (7609512)
Tom Brady (7608846),DeMarco Murray (7608868),Spencer Ware (7608863),Mike Evans (7609054),Julian Edelman (7609070),Golden Tate (7609007),Vernon Davis (7609122),Isaiah Crowell (7608886),Patriots  (7609532)
Philip Rivers (7608844),Le'Veon Bell (7608943),DeMarco Murray (7608868),Mike Evans (7609054),Golden Tate (7609007),Tyrell Williams (7609065),Dennis Pitta (7609143),Isaiah Crowell (7608886),Cardinals  (7609534)
Andrew Luck (7608802),DeMarco Murray (7608868),Spencer Ware (7608863),Antonio Brown (7609071),Mike Evans (7609054),Chester Rogers (7608978),Vernon Davis (7609122),Jacquizz Rodgers (7608925),Jets  (7609526)
Alex Smith (7608795),DeMarco Murray (7608868),Spencer Ware (7608863),Marvin Jones Jr. (7609008),Jeremy Maclin (7608956),Allen Hurns (7609016),Travis Kelce (7609090),Isaiah Crowell (7608886),Patriots  (7609532)
Drew Brees (7608794),DeMarco Murray (7608868),Spencer Ware (7608863),Antonio Brown (7609071),Willie Snead (7608959),Tyrell Williams (7609065),Dennis Pitta (7609143),Zach Zenner (7608894),Raiders  (7609522)
Drew Brees (7608794),Le'Veon Bell (7608943),Spencer Ware (7608863),Antonio Brown (7609071),Willie Snead (7608959),Marquise Goodwin (7609025),Jack Doyle (7609100),Mark Ingram (7608861),Jets  (7609526)
Matthew Stafford (7608816),Le'Veon Bell (7608943),DeMarco Murray (7608868),Jarvis Landry (7609030),Willie Snead (7608959),Golden Tate (7609007),Dennis Pitta (7609143),Jacquizz Rodgers (7608925),Titans  (7609514)
Joe Flacco (7608831),DeMarco Murray (7608868),Devonta Freeman (7608932),Antonio Brown (7609071),Jarvis Landry (7609030),Kamar Aiken (7609038),Vernon Davis (7609122),Spencer Ware (7608863),Chiefs  (7609512)
Tom Brady (7608846),Le'Veon Bell (7608943),DeMarco Murray (7608868),Julian Edelman (7609070),Golden Tate (7609007),Chester Rogers (7608978),Travis Kelce (7609090),Jacquizz Rodgers (7608925),Jets  (7609526)
Philip Rivers (7608844),DeMarco Murray (7608868),Spencer Ware (7608863),Larry Fitzgerald (7609078),Jarvis Landry (7609030),Tyrell Williams (7609065),Travis Kelce (7609090),Jacquizz Rodgers (7608925),Chiefs  (7609512)
Matt Ryan (7608843),Le'Veon Bell (7608943),Jacquizz Rodgers (7608925),Antonio Brown (7609071),Mike Evans (7609054),Mohamed Sanu (7609063),Vernon Davis (7609122),Zach Zenner (7608894),Chiefs  (7609512)
Drew Brees (7608794),Le'Veon Bell (7608943),DeMarco Murray (7608868),Brandin Cooks (7608962),Jordan Matthews (7608982),Golden Tate (7609007),Vernon Davis (7609122),Isaiah Crowell (7608886),Titans  (7609514)
Alex Smith (7608795),DeMarco Murray (7608868),Devonta Freeman (7608932),Mike Evans (7609054),Jarvis Landry (7609030),Jeremy Maclin (7608956),Vernon Davis (7609122),Zach Zenner (7608894),Patriots  (7609532)
Drew Brees (7608794),DeMarco Murray (7608868),Spencer Ware (7608863),Brandin Cooks (7608962),Larry Fitzgerald (7609078),Stefon Diggs (7608988),Vernon Davis (7609122),Zach Zenner (7608894),Jets  (7609526)
Matt Ryan (7608843),Le'Veon Bell (7608943),DeMarco Murray (7608868),Jarvis Landry (7609030),Mohamed Sanu (7609063),Marquise Goodwin (7609025),Travis Kelce (7609090),Mark Ingram (7608861),Jets  (7609526)
Alex Smith (7608795),DeMarco Murray (7608868),Devonta Freeman (7608932),Larry Fitzgerald (7609078),Jeremy Maclin (7608956),Stefon Diggs (7608988),Jack Doyle (7609100),Spencer Ware (7608863),Chiefs  (7609512)
Alex Smith (7608795),Le'Veon Bell (7608943),DeMarco Murray (7608868),Mike Evans (7609054),Jeremy Maclin (7608956),Allen Hurns (7609016),Kyle Rudolph (7609107),Mike Davis (7608928),Chiefs  (7609512)
Matthew Stafford (7608816),Le'Veon Bell (7608943),Spencer Ware (7608863),Antonio Brown (7609071),Stefon Diggs (7608988),Golden Tate (7609007),Dennis Pitta (7609143),Mike Davis (7608928),Chiefs  (7609512)
Kirk Cousins (7608817),Le'Veon Bell (7608943),Spencer Ware (7608863),Mike Evans (7609054),Golden Tate (7609007),Jamison Crowder (7609012),Travis Kelce (7609090),Mark Ingram (7608861),Jets  (7609526)
Alex Smith (7608795),Spencer Ware (7608863),Mark Ingram (7608861),Antonio Brown (7609071),Jeremy Maclin (7608956),Willie Snead (7608959),Dennis Pitta (7609143),Jacquizz Rodgers (7608925),Titans  (7609514)
Drew Brees (7608794),Le'Veon Bell (7608943),DeMarco Murray (7608868),Marvin Jones Jr. (7609008),Willie Snead (7608959),Allen Hurns (7609016),Kyle Rudolph (7609107),Zach Zenner (7608894),Titans  (7609514)
Matthew Stafford (7608816),DeMarco Murray (7608868),Devonta Freeman (7608932),Larry Fitzgerald (7609078),Jordan Matthews (7608982),Golden Tate (7609007),Dennis Pitta (7609143),Spencer Ware (7608863),Patriots  (7609532)
Tom Brady (7608846),DeMarco Murray (7608868),Mark Ingram (7608861),Julian Edelman (7609070),Stefon Diggs (7608988),Jordan Matthews (7608982),Dennis Pitta (7609143),Jacquizz Rodgers (7608925),Patriots  (7609532)
Matthew Stafford (7608816),Le'Veon Bell (7608943),DeMarco Murray (7608868),Marvin Jones Jr. (7609008),Jarvis Landry (7609030),Chester Rogers (7608978),Travis Kelce (7609090),Zach Zenner (7608894),Chiefs  (7609512)
Kirk Cousins (7608817),Le'Veon Bell (7608943),DeMarco Murray (7608868),Marvin Jones Jr. (7609008),DeSean Jackson (7609004),Golden Tate (7609007),Antonio Gates (7609162),Spencer Ware (7608863),Titans  (7609514)
Tyrod Taylor (7608827),Le'Veon Bell (7608943),DeMarco Murray (7608868),Mike Evans (7609054),Marvin Jones Jr. (7609008),Marquise Goodwin (7609025),Vernon Davis (7609122),Devonta Freeman (7608932),Chiefs  (7609512)
Drew Brees (7608794),Le'Veon Bell (7608943),Devonta Freeman (7608932),Mike Evans (7609054),Willie Snead (7608959),Chester Rogers (7608978),Travis Kelce (7609090),Jacquizz Rodgers (7608925),Raiders  (7609522)
Alex Smith (7608795),Le'Veon Bell (7608943),Spencer Ware (7608863),Antonio Brown (7609071),Jeremy Maclin (7608956),Tyrell Williams (7609065),Vernon Davis (7609122),Zach Zenner (7608894),Seahawks  (7609535)
Matthew Stafford (7608816),Le'Veon Bell (7608943),DeMarco Murray (7608868),Mike Evans (7609054),Golden Tate (7609007),Marquise Goodwin (7609025),Kyle Rudolph (7609107),Spencer Ware (7608863),Seahawks  (7609535)
Matt Ryan (7608843),Le'Veon Bell (7608943),Devonta Freeman (7608932),Larry Fitzgerald (7609078),Willie Snead (7608959),Mohamed Sanu (7609063),Vernon Davis (7609122),Spencer Ware (7608863),Jets  (7609526)
Kirk Cousins (7608817),DeMarco Murray (7608868),Spencer Ware (7608863),Mike Evans (7609054),DeSean Jackson (7609004),Jordan Matthews (7608982),Travis Kelce (7609090),Jacquizz Rodgers (7608925),Raiders  (7609522)
Alex Smith (7608795),DeMarco Murray (7608868),Devonta Freeman (7608932),Jeremy Maclin (7608956),Willie Snead (7608959),Golden Tate (7609007),Travis Kelce (7609090),Mark Ingram (7608861),Raiders  (7609522)
Joe Flacco (7608831),DeMarco Murray (7608868),Devonta Freeman (7608932),Mike Evans (7609054),Mike Wallace (7609037),Golden Tate (7609007),Travis Kelce (7609090),Jacquizz Rodgers (7608925),Patriots  (7609532)
Matt Ryan (7608843),Le'Veon Bell (7608943),DeMarco Murray (7608868),Mike Evans (7609054),Stefon Diggs (7608988),Mohamed Sanu (7609063),Dennis Pitta (7609143),Mike Davis (7608928),Raiders  (7609522)
Drew Brees (7608794),Le'Veon Bell (7608943),DeMarco Murray (7608868),Stefon Diggs (7608988),Jordan Matthews (7608982),Michael Thomas (7608964),Jack Doyle (7609100),Spencer Ware (7608863),Raiders  (7609522)
Tom Brady (7608846),DeMarco Murray (7608868),Spencer Ware (7608863),Marvin Jones Jr. (7609008),Julian Edelman (7609070),Willie Snead (7608959),Dennis Pitta (7609143),Mike Davis (7608928),Titans  (7609514)
Tom Brady (7608846),Le'Veon Bell (7608943),DeMarco Murray (7608868),Larry Fitzgerald (7609078),Julian Edelman (7609070),Tyrell Williams (7609065),Vernon Davis (7609122),Zach Zenner (7608894),Titans  (7609514)
Kirk Cousins (7608817),Le'Veon Bell (7608943),DeMarco Murray (7608868),Mike Evans (7609054),Willie Snead (7608959),Jamison Crowder (7609012),Dennis Pitta (7609143),Zach Zenner (7608894),Seahawks  (7609535)
Matthew Stafford (7608816),Le'Veon Bell (7608943),DeMarco Murray (7608868),Marvin Jones Jr. (7609008),Stefon Diggs (7608988),Golden Tate (7609007),Jack Doyle (7609100),Mark Ingram (7608861),Jets  (7609526)
Philip Rivers (7608844),DeMarco Murray (7608868),Devonta Freeman (7608932),Mike Evans (7609054),Stefon Diggs (7608988),Tyrell Williams (7609065),Kyle Rudolph (7609107),Spencer Ware (7608863),Patriots  (7609532)
Tom Brady (7608846),Spencer Ware (7608863),Jacquizz Rodgers (7608925),Marvin Jones Jr. (7609008),Jarvis Landry (7609030),Julian Edelman (7609070),Travis Kelce (7609090),Zach Zenner (7608894),Patriots  (7609532)
Matt Ryan (7608843),DeMarco Murray (7608868),Spencer Ware (7608863),Antonio Brown (7609071),Jordan Matthews (7608982),Mohamed Sanu (7609063),Kyle Rudolph (7609107),Jacquizz Rodgers (7608925),Titans  (7609514)
Kirk Cousins (7608817),DeMarco Murray (7608868),Devonta Freeman (7608932),Antonio Brown (7609071),Willie Snead (7608959),Jamison Crowder (7609012),Antonio Gates (7609162),Spencer Ware (7608863),Jets  (7609526)
Andrew Luck (7608802),Le'Veon Bell (7608943),DeMarco Murray (7608868),Antonio Brown (7609071),Jordan Matthews (7608982),Chester Rogers (7608978),Antonio Gates (7609162),Isaiah Crowell (7608886),Chiefs  (7609512)
Matthew Stafford (7608816),DeMarco Murray (7608868),Spencer Ware (7608863),Mike Evans (7609054),Marvin Jones Jr. (7609008),Doug Baldwin (7609079),Jack Doyle (7609100),Jacquizz Rodgers (7608925),Chiefs  (7609512)
Joe Flacco (7608831),Le'Veon Bell (7608943),Devonta Freeman (7608932),Marvin Jones Jr. (7609008),Stefon Diggs (7608988),Breshad Perriman (7609044),Travis Kelce (7609090),Spencer Ware (7608863),Chiefs  (7609512)
